========================================================================
  FFNN Depth Saturation — Key Findings
  total_neurons=240  |  sparsity=90%
========================================================================

   layers   l_size   act_nodes   act_params       acc        f1   train(s)    inf(µs)
  --------------------------------------------------------------------------------
        2      120          24        2,927    0.6167    0.5917       3.23      82.71
        4       60          24        1,841    0.5708    0.5160       5.15     150.00
        6       40          24        1,319    0.4250    0.2535       8.27     275.71
        8       30          24        1,028    0.4250    0.2535       7.28     289.06
       10       24          30          986    0.4250    0.2535       7.42     345.46
       12       20          24          717    0.4250    0.2535       9.05     410.04
       16       15          32          680    0.4250    0.2535      10.02     544.44
       20       12          40          661    0.4250    0.2535      10.50     669.38
       24       10          24          386    0.4250    0.2535      11.72     802.48
       30        8          30          372    0.4000    0.2286      14.07    1010.58
       40        6          40          362    0.4250    0.2535      17.41    1328.39
       60        4          60          362    0.4250    0.2535      24.12    1986.14
       80        3          80          372    0.4250    0.2535      30.81    2640.48
      120        2         120          402    0.4250    0.2535      43.98    3904.73

  Best accuracy : 2 layers (size=120)  →  0.6167
  Worst accuracy: 30 layers (size=8)  →  0.4000

  Peak accuracy   : 0.6167
  95% threshold   : 0.5858
  Saturates beyond: 2 layers (accuracy falls <95% of peak after this)

  Active nodes per layer at selected depths:
       2L × 120n/layer : [12, 12]
       4L ×  60n/layer : [6, 6, 6, 6]
       6L ×  40n/layer : [4, 4, 4, 4, 4, 4]
       8L ×  30n/layer : [3, 3, 3, 3, 3, 3, 3, 3]
      10L ×  24n/layer : [3, 3, 3, 3, 3, 3, 3, 3, 3, 3]
      12L ×  20n/layer : [2, 2, 2, 2, 2, 2, 2, 2, 2, 2, 2, 2]
      16L ×  15n/layer : [2, 2, 2, 2, 2, 2, 2, 2, 2, 2, 2, 2, 2, 2, 2, 2]
      20L ×  12n/layer : [2, 2, 2, 2, 2, 2, 2, 2, 2, 2, 2, 2, 2, 2, 2, 2, 2, 2, 2, 2]
      24L ×  10n/layer : [1, 1, 1, 1, 1, 1, 1, 1, 1, 1, 1, 1, 1, 1, 1, 1, 1, 1, 1, 1, 1, 1, 1, 1]
      30L ×   8n/layer : [1, 1, 1, 1, 1, 1, 1, 1, 1, 1, 1, 1, 1, 1, 1, 1, 1, 1, 1, 1, 1, 1, 1, 1, 1, 1, 1, 1, 1, 1]
      40L ×   6n/layer : [1, 1, 1, 1, 1, 1, 1, 1, 1, 1, 1, 1, 1, 1, 1, 1, 1, 1, 1, 1, 1, 1, 1, 1, 1, 1, 1, 1, 1, 1, 1, 1, 1, 1, 1, 1, 1, 1, 1, 1]
      60L ×   4n/layer : [1, 1, 1, 1, 1, 1, 1, 1, 1, 1, 1, 1, 1, 1, 1, 1, 1, 1, 1, 1, 1, 1, 1, 1, 1, 1, 1, 1, 1, 1, 1, 1, 1, 1, 1, 1, 1, 1, 1, 1, 1, 1, 1, 1, 1, 1, 1, 1, 1, 1, 1, 1, 1, 1, 1, 1, 1, 1, 1, 1]
      80L ×   3n/layer : [1, 1, 1, 1, 1, 1, 1, 1, 1, 1, 1, 1, 1, 1, 1, 1, 1, 1, 1, 1, 1, 1, 1, 1, 1, 1, 1, 1, 1, 1, 1, 1, 1, 1, 1, 1, 1, 1, 1, 1, 1, 1, 1, 1, 1, 1, 1, 1, 1, 1, 1, 1, 1, 1, 1, 1, 1, 1, 1, 1, 1, 1, 1, 1, 1, 1, 1, 1, 1, 1, 1, 1, 1, 1, 1, 1, 1, 1, 1, 1]
     120L ×   2n/layer : [1, 1, 1, 1, 1, 1, 1, 1, 1, 1, 1, 1, 1, 1, 1, 1, 1, 1, 1, 1, 1, 1, 1, 1, 1, 1, 1, 1, 1, 1, 1, 1, 1, 1, 1, 1, 1, 1, 1, 1, 1, 1, 1, 1, 1, 1, 1, 1, 1, 1, 1, 1, 1, 1, 1, 1, 1, 1, 1, 1, 1, 1, 1, 1, 1, 1, 1, 1, 1, 1, 1, 1, 1, 1, 1, 1, 1, 1, 1, 1, 1, 1, 1, 1, 1, 1, 1, 1, 1, 1, 1, 1, 1, 1, 1, 1, 1, 1, 1, 1, 1, 1, 1, 1, 1, 1, 1, 1, 1, 1, 1, 1, 1, 1, 1, 1, 1, 1, 1, 1]

========================================================================
